asus_link_pitch_joint: -1.189722456451544
asus_link_roll_joint: 2.991872591222864
asus_link_x_joint: 0.3380167021856252
asus_link_y_joint: -0.08898729632394108
asus_link_yaw_joint: 0.1521266221002697
asus_link_z_joint: -0.3512201457375088