---

static_targets:
-
    target_name: CircleGrid5x5
    target_type: 2
    circle_dia: 0.0127
    target_frame: target_frame
    transform_interface: ros_lti
    angle_axis_ax: 0.0
    angle_axis_ay: 0.0
    angle_axis_az: 0.0
    position_x: 0.0
    position_y: 0.0
    position_z: 0.0
    target_rows: 5
    target_cols: 5
    num_points: 25
    points:
    - pnt: [0.000,0.075495,0.000]
    - pnt: [0.018874,0.075495,0.000]
    - pnt: [0.037747,0.075495,0.000]
    - pnt: [0.056621,0.075495,0.000]
    - pnt: [0.075495,0.075495,0.000]
    - pnt: [0.000,0.056621,0.000]
    - pnt: [0.018874,0.056621,0.000]
    - pnt: [0.037747,0.056621,0.000]
    - pnt: [0.056621,0.056621,0.000]
    - pnt: [0.075495,0.056621,0.000]
    - pnt: [0.000,0.037747,0.000]
    - pnt: [0.018874,0.037747,0.000]
    - pnt: [0.037747,0.037747,0.000]
    - pnt: [0.056621,0.037747,0.000]
    - pnt: [0.075495,0.037747,0.000]
    - pnt: [0.000,0.018874,0.000]
    - pnt: [0.018874,0.018874,0.000]
    - pnt: [0.037747,0.018874,0.000]
    - pnt: [0.056621,0.018874,0.000]
    - pnt: [0.075495,0.018874,0.000]
    - pnt: [0.000,0.000000,0.000]
    - pnt: [0.018874,0.000000,0.000]
    - pnt: [0.037747,0.000000,0.000]
    - pnt: [0.056621,0.000000,0.000]
    - pnt: [0.075495,0.000000,0.000]









