asus_link_pitch_joint: -1.25
asus_link_roll_joint: 3.082024160980045
asus_link_x_joint: 0.34
asus_link_y_joint: -0.0875
asus_link_yaw_joint: 0.05685762414252022
asus_link_z_joint: 0.02
